home_team,away_team,P_home_win,P_draw,P_away_win
Arsenal,Aston Villa,0.488,0.2516,0.2604
Arsenal,Brentford,0.5587,0.2362,0.2051
Arsenal,Brighton,0.4783,0.2793,0.2424
Arsenal,Burnley,0.6263,0.2446,0.1292
Arsenal,Chelsea,0.2874,0.2459,0.4667
Arsenal,Crystal Palace,0.4564,0.2666,0.277
Arsenal,Everton,0.6437,0.2097,0.1466
Arsenal,Leeds,0.6763,0.1941,0.1296
Arsenal,Leicester,0.4732,0.2377,0.2892
Arsenal,Liverpool,0.1721,0.2021,0.6258
Arsenal,Man City,0.1344,0.1871,0.6784
Arsenal,Man United,0.4873,0.2427,0.2699
Arsenal,Newcastle,0.5784,0.2403,0.1813
Arsenal,Norwich,0.8071,0.1478,0.0451
Arsenal,Southampton,0.6243,0.213,0.1627
Arsenal,Tottenham,0.3127,0.2557,0.4317
Arsenal,Watford,0.7242,0.1768,0.099
Arsenal,West Ham,0.4318,0.2501,0.3182
Arsenal,Wolves,0.5183,0.2839,0.1978
Aston Villa,Arsenal,0.3139,0.2586,0.4275
Aston Villa,Brentford,0.4702,0.2466,0.2832
Aston Villa,Brighton,0.3852,0.281,0.3338
Aston Villa,Burnley,0.528,0.2654,0.2066
Aston Villa,Chelsea,0.2198,0.2265,0.5536
Aston Villa,Crystal Palace,0.3687,0.2654,0.3659
Aston Villa,Everton,0.5562,0.2286,0.2152
Aston Villa,Leeds,0.5915,0.2153,0.1932
Aston Villa,Leicester,0.3918,0.2383,0.3699
Aston Villa,Liverpool,0.1239,0.1748,0.7012
Aston Villa,Man City,0.0929,0.1573,0.7497
Aston Villa,Man United,0.4033,0.245,0.3517
Aston Villa,Newcastle,0.4867,0.2536,0.2597
Aston Villa,Norwich,0.7258,0.1821,0.092
Aston Villa,Southampton,0.5376,0.2297,0.2327
Aston Villa,Tottenham,0.2407,0.2383,0.521
Aston Villa,Watford,0.6412,0.2023,0.1565
Aston Villa,West Ham,0.3505,0.2462,0.4033
Aston Villa,Wolves,0.42,0.2913,0.2887
Brentford,Arsenal,0.2538,0.2481,0.4981
Brentford,Aston Villa,0.3367,0.2517,0.4116
Brentford,Brighton,0.3161,0.2773,0.4065
Brentford,Burnley,0.4526,0.2762,0.2712
Brentford,Chelsea,0.1716,0.2089,0.6195
Brentford,Crystal Palace,0.3037,0.2601,0.4362
Brentford,Everton,0.4883,0.2392,0.2725
Brentford,Leeds,0.5252,0.228,0.2469
Brentford,Leicester,0.3309,0.235,0.4341
Brentford,Liverpool,0.0908,0.1527,0.7565
Brentford,Man City,0.0649,0.1338,0.8012
Brentford,Man United,0.3404,0.2427,0.417
Brentford,Newcastle,0.4169,0.2592,0.3239
Brentford,Norwich,0.6599,0.2056,0.1344
Brentford,Southampton,0.4706,0.2385,0.2909
Brentford,Tottenham,0.1891,0.2218,0.5891
Brentford,Watford,0.5755,0.2186,0.206
Brentford,West Ham,0.2904,0.2393,0.4703
Brentford,Wolves,0.3465,0.2915,0.362
Brighton,Arsenal,0.2999,0.2875,0.4126
Brighton,Aston Villa,0.3953,0.2806,0.3241
Brighton,Brentford,0.4701,0.2706,0.2594
Brighton,Burnley,0.5314,0.2972,0.1713
Brighton,Chelsea,0.2021,0.2474,0.5505
Brighton,Crystal Palace,0.3586,0.2962,0.3453
Brighton,Everton,0.5634,0.2477,0.189
Brighton,Leeds,0.6014,0.2309,0.1677
Brighton,Leicester,0.3865,0.2598,0.3538
Brighton,Liverpool,0.1054,0.185,0.7096
Brighton,Man City,0.074,0.1643,0.7616
Brighton,Man United,0.3982,0.2684,0.3333
Brighton,Newcastle,0.4874,0.2802,0.2324
Brighton,Norwich,0.7469,0.1904,0.0627
Brighton,Southampton,0.5433,0.2489,0.2079
Brighton,Tottenham,0.2231,0.2621,0.5148
Brighton,Watford,0.655,0.2149,0.1301
Brighton,West Ham,0.3413,0.2704,0.3883
Brighton,Wolves,0.4111,0.3326,0.2563
Burnley,Arsenal,0.1752,0.2649,0.5599
Burnley,Aston Villa,0.2601,0.2774,0.4625
Burnley,Brentford,0.3294,0.2817,0.3889
Burnley,Brighton,0.2278,0.313,0.4591
Burnley,Chelsea,0.1052,0.207,0.6878
Burnley,Crystal Palace,0.2223,0.2862,0.4914
Burnley,Everton,0.4215,0.2748,0.3037
Burnley,Leeds,0.4634,0.2624,0.2742
Burnley,Leicester,0.2608,0.2537,0.4855
Burnley,Liverpool,0.0425,0.1344,0.8231
Burnley,Man City,0.0225,0.1106,0.8668
Burnley,Man United,0.2676,0.265,0.4674
Burnley,Newcastle,0.3401,0.2967,0.3632
Burnley,Norwich,0.6098,0.2477,0.1424
Burnley,Southampton,0.4034,0.2718,0.3248
Burnley,Tottenham,0.1183,0.2246,0.6571
Burnley,Watford,0.5184,0.2546,0.227
Burnley,West Ham,0.2171,0.2562,0.5268
Burnley,Wolves,0.2532,0.3386,0.4082
Chelsea,Arsenal,0.5257,0.2369,0.2374
Chelsea,Aston Villa,0.611,0.2126,0.1764
Chelsea,Brentford,0.6747,0.1917,0.1336
Chelsea,Brighton,0.6126,0.2307,0.1567
Chelsea,Burnley,0.7452,0.1826,0.0721
Chelsea,Crystal Palace,0.5857,0.227,0.1873
Chelsea,Everton,0.7477,0.1619,0.0903
Chelsea,Leeds,0.7733,0.1477,0.0789
Chelsea,Leicester,0.5902,0.2061,0.2036
Chelsea,Liverpool,0.2734,0.2173,0.5093
Chelsea,Man City,0.229,0.2096,0.5614
Chelsea,Man United,0.6065,0.2073,0.1862
Chelsea,Newcastle,0.696,0.1904,0.1135
Chelsea,Norwich,0.883,0.0974,0.0196
Chelsea,Southampton,0.7299,0.1673,0.1027
Chelsea,Tottenham,0.4376,0.2414,0.321
Chelsea,Watford,0.8132,0.1297,0.057
Chelsea,West Ham,0.5543,0.2203,0.2254
Chelsea,Wolves,0.6542,0.2255,0.1203
Crystal Palace,Arsenal,0.3338,0.2718,0.3944
Crystal Palace,Aston Villa,0.4257,0.2631,0.3112
Crystal Palace,Brentford,0.4973,0.2522,0.2505
Crystal Palace,Brighton,0.41,0.2937,0.2963
Crystal Palace,Burnley,0.5598,0.2703,0.17
Crystal Palace,Chelsea,0.2336,0.2404,0.526
Crystal Palace,Everton,0.5858,0.2298,0.1844
Crystal Palace,Leeds,0.6213,0.2145,0.1642
Crystal Palace,Leicester,0.4146,0.2462,0.3392
Crystal Palace,Liverpool,0.1312,0.1872,0.6816
Crystal Palace,Man City,0.0979,0.1693,0.7327
Crystal Palace,Man United,0.4271,0.253,0.3199
Crystal Palace,Newcastle,0.5152,0.2592,0.2256
Crystal Palace,Norwich,0.7588,0.1745,0.0667
Crystal Palace,Southampton,0.5664,0.2316,0.202
Crystal Palace,Tottenham,0.2559,0.2526,0.4915
Crystal Palace,Watford,0.6719,0.1991,0.129
Crystal Palace,West Ham,0.3718,0.2564,0.3717
Crystal Palace,Wolves,0.4472,0.3036,0.2491
Everton,Arsenal,0.1882,0.2265,0.5853
Everton,Aston Villa,0.2629,0.2395,0.4976
Everton,Brentford,0.3243,0.2453,0.4305
Everton,Brighton,0.2388,0.2613,0.4999
Everton,Burnley,0.3631,0.2774,0.3596
Everton,Chelsea,0.1213,0.1816,0.697
Everton,Crystal Palace,0.2311,0.2435,0.5254
Everton,Leeds,0.4433,0.2356,0.3212
Everton,Leicester,0.2615,0.223,0.5155
Everton,Liverpool,0.0585,0.1238,0.8175
Everton,Man City,0.0387,0.1046,0.8566
Everton,Man United,0.2684,0.2313,0.5003
Everton,Newcastle,0.3347,0.2558,0.4095
Everton,Norwich,0.5741,0.2276,0.1983
Everton,Southampton,0.3897,0.2407,0.3696
Everton,Tottenham,0.1348,0.195,0.6702
Everton,Watford,0.4927,0.2311,0.2763
Everton,West Ham,0.2233,0.2228,0.5539
Everton,Wolves,0.2632,0.2789,0.4579
Leeds,Arsenal,0.1679,0.2118,0.6203
Leeds,Aston Villa,0.2378,0.2278,0.5345
Leeds,Brentford,0.2957,0.2362,0.4682
Leeds,Brighton,0.2137,0.2464,0.5399
Leeds,Burnley,0.3302,0.268,0.4018
Leeds,Chelsea,0.1071,0.1674,0.7254
Leeds,Crystal Palace,0.2074,0.2298,0.5629
Leeds,Everton,0.3738,0.238,0.3882
Leeds,Leicester,0.2374,0.2126,0.55
Leeds,Liverpool,0.0507,0.1118,0.8372
Leeds,Man City,0.033,0.0933,0.8734
Leeds,Man United,0.2435,0.2205,0.536
Leeds,Newcastle,0.3048,0.2464,0.4487
Leeds,Norwich,0.5364,0.2304,0.2331
Leeds,Southampton,0.3586,0.2348,0.4066
Leeds,Tottenham,0.1192,0.1802,0.7006
Leeds,Watford,0.4582,0.23,0.3117
Leeds,West Ham,0.2012,0.2104,0.5884
Leeds,Wolves,0.2358,0.2638,0.5004
Leicester,Arsenal,0.3412,0.2425,0.4163
Leicester,Aston Villa,0.4246,0.2371,0.3383
Leicester,Brentford,0.4899,0.2294,0.2807
Leicester,Brighton,0.4121,0.2587,0.3292
Leicester,Burnley,0.5468,0.2423,0.2109
Leicester,Chelsea,0.247,0.2174,0.5356
Leicester,Crystal Palace,0.3945,0.2469,0.3586
Leicester,Everton,0.5709,0.2126,0.2165
Leicester,Leeds,0.6038,0.2008,0.1953
Leicester,Liverpool,0.1479,0.1738,0.6782
Leicester,Man City,0.1159,0.1588,0.7253
Leicester,Man United,0.4254,0.2297,0.3449
Leicester,Newcastle,0.5063,0.2346,0.2591
Leicester,Norwich,0.7301,0.1696,0.1003
Leicester,Southampton,0.5531,0.214,0.2328
Leicester,Tottenham,0.2686,0.227,0.5045
Leicester,Watford,0.6507,0.1888,0.1605
Leicester,West Ham,0.3748,0.2317,0.3935
Leicester,Wolves,0.4464,0.2656,0.2879
Liverpool,Arsenal,0.6794,0.1856,0.135
Liverpool,Aston Villa,0.7502,0.1562,0.0936
Liverpool,Brentford,0.8013,0.133,0.0657
Liverpool,Brighton,0.7619,0.163,0.0751
Liverpool,Burnley,0.8662,0.1101,0.0237
Liverpool,Chelsea,0.5631,0.208,0.2289
Liverpool,Crystal Palace,0.7333,0.168,0.0987
Liverpool,Everton,0.8562,0.1041,0.0395
Liverpool,Leeds,0.8729,0.093,0.0338
Liverpool,Leicester,0.7259,0.1577,0.1163
Liverpool,Man City,0.3682,0.2171,0.4147
Liverpool,Man United,0.7427,0.1548,0.1024
Liverpool,Newcastle,0.8217,0.1269,0.0512
Liverpool,Norwich,0.9418,0.053,0.0048
Liverpool,Southampton,0.8417,0.1106,0.0475
Liverpool,Tottenham,0.5944,0.205,0.2005
Liverpool,Watford,0.9018,0.0766,0.0212
Liverpool,West Ham,0.6984,0.1717,0.1299
Liverpool,Wolves,0.8001,0.1499,0.05
Man City,Arsenal,0.7299,0.1683,0.1018
Man City,Aston Villa,0.7956,0.1372,0.0671
Man City,Brentford,0.8424,0.1134,0.0441
Man City,Brighton,0.8105,0.1407,0.0488
Man City,Burnley,0.905,0.0864,0.0085
Man City,Chelsea,0.6148,0.1974,0.1878
Man City,Crystal Palace,0.7815,0.1483,0.0702
Man City,Everton,0.8912,0.0849,0.0236
Man City,Leeds,0.905,0.0749,0.0198
Man City,Leicester,0.7704,0.1413,0.0882
Man City,Liverpool,0.4661,0.2141,0.3198
Man City,Man United,0.7872,0.1372,0.0755
Man City,Newcastle,0.8624,0.1059,0.0315
Man City,Norwich,0.9467,0.0483,0.0044
Man City,Southampton,0.8778,0.0918,0.0302
Man City,Tottenham,0.6466,0.1923,0.1611
Man City,Watford,0.9301,0.0591,0.0104
Man City,West Ham,0.7457,0.1551,0.0991
Man City,Wolves,0.8472,0.1253,0.0274
Man United,Arsenal,0.3222,0.249,0.4288
Man United,Aston Villa,0.4071,0.2448,0.348
Man United,Brentford,0.4739,0.2378,0.2883
Man United,Brighton,0.3926,0.2687,0.3387
Man United,Burnley,0.5305,0.2539,0.2155
Man United,Chelsea,0.2291,0.2201,0.5508
Man United,Crystal Palace,0.3758,0.255,0.3692
Man United,Everton,0.5572,0.2211,0.2217
Man United,Leeds,0.5914,0.2089,0.1998
Man United,Leicester,0.3971,0.2307,0.3722
Man United,Liverpool,0.1329,0.1722,0.6948
Man United,Man City,0.1018,0.1559,0.7422
Man United,Newcastle,0.4901,0.244,0.2659
Man United,Norwich,0.7215,0.1777,0.1008
Man United,Southampton,0.5391,0.2222,0.2387
Man United,Tottenham,0.2501,0.2307,0.5192
Man United,Watford,0.6396,0.1967,0.1636
Man United,West Ham,0.3572,0.2379,0.4049
Man United,Wolves,0.4268,0.2774,0.2958
Newcastle,Arsenal,0.2295,0.2547,0.5159
Newcastle,Aston Villa,0.3135,0.2607,0.4258
Newcastle,Brentford,0.3812,0.2607,0.3582
Newcastle,Brighton,0.2896,0.2894,0.421
Newcastle,Burnley,0.4288,0.2925,0.2788
Newcastle,Chelsea,0.1503,0.2098,0.6399
Newcastle,Crystal Palace,0.279,0.2693,0.4517
Newcastle,Everton,0.4689,0.2505,0.2806
Newcastle,Leeds,0.5074,0.2388,0.2538
Newcastle,Leicester,0.3095,0.2418,0.4487
Newcastle,Liverpool,0.0745,0.1482,0.7772
Newcastle,Man City,0.0503,0.1277,0.8219
Newcastle,Man United,0.3183,0.2506,0.4311
Newcastle,Norwich,0.6464,0.218,0.1356
Newcastle,Southampton,0.451,0.2492,0.2998
Newcastle,Tottenham,0.1666,0.2242,0.6092
Newcastle,Watford,0.5593,0.2297,0.211
Newcastle,West Ham,0.2679,0.2457,0.4864
Newcastle,Wolves,0.3188,0.3068,0.3744
Norwich,Arsenal,0.0711,0.173,0.7559
Norwich,Aston Villa,0.1263,0.2036,0.6701
Norwich,Brentford,0.1747,0.2236,0.6017
Norwich,Brighton,0.0962,0.2169,0.6869
Norwich,Burnley,0.1898,0.2665,0.5437
Norwich,Chelsea,0.0362,0.1205,0.8432
Norwich,Crystal Palace,0.0982,0.1989,0.7029
Norwich,Everton,0.2452,0.24,0.5148
Norwich,Leeds,0.2819,0.2398,0.4783
Norwich,Leicester,0.1331,0.1888,0.6781
Norwich,Liverpool,0.0087,0.0644,0.9265
Norwich,Man City,0.005,0.0542,0.9405
Norwich,Man United,0.1349,0.1976,0.6675
Norwich,Newcastle,0.1779,0.2365,0.5856
Norwich,Southampton,0.2329,0.2336,0.5335
Norwich,Tottenham,0.0416,0.1337,0.8247
Norwich,Watford,0.3271,0.2457,0.4272
Norwich,West Ham,0.1013,0.1795,0.7192
Norwich,Wolves,0.1076,0.2404,0.652
Southampton,Arsenal,0.2055,0.2283,0.5662
Southampton,Aston Villa,0.2813,0.2391,0.4796
Southampton,Brentford,0.3431,0.2432,0.4136
Southampton,Brighton,0.2587,0.2607,0.4806
Southampton,Burnley,0.3844,0.2726,0.3431
Southampton,Chelsea,0.1352,0.186,0.6787
Southampton,Crystal Palace,0.2497,0.2438,0.5065
Southampton,Everton,0.4247,0.2394,0.3358
Southampton,Leeds,0.4616,0.2313,0.3072
Southampton,Leicester,0.2786,0.2232,0.4982
Southampton,Liverpool,0.0681,0.1299,0.8019
Southampton,Man City,0.0467,0.1112,0.8419
Southampton,Man United,0.2862,0.231,0.4828
Southampton,Newcastle,0.3544,0.253,0.3927
Southampton,Norwich,0.5919,0.2205,0.1877
Southampton,Tottenham,0.1497,0.1989,0.6514
Southampton,Watford,0.5106,0.2259,0.2635
Southampton,West Ham,0.2404,0.2238,0.5358
Southampton,Wolves,0.2845,0.2767,0.4388
Tottenham,Arsenal,0.4917,0.2486,0.2597
Tottenham,Aston Villa,0.58,0.2256,0.1944
Tottenham,Brentford,0.6465,0.2054,0.1482
Tottenham,Brighton,0.5789,0.2469,0.1742
Tottenham,Burnley,0.7178,0.2003,0.0819
Tottenham,Chelsea,0.3748,0.2437,0.3815
Tottenham,Crystal Palace,0.5528,0.2407,0.2065
Tottenham,Everton,0.7236,0.1754,0.101
Tottenham,Leeds,0.7511,0.1604,0.0885
Tottenham,Leicester,0.5604,0.217,0.2226
Tottenham,Liverpool,0.2436,0.2165,0.5399
Tottenham,Man City,0.2004,0.2067,0.5929
Tottenham,Man United,0.5764,0.2191,0.2044
Tottenham,Newcastle,0.6679,0.2054,0.1268
Tottenham,Norwich,0.8677,0.1094,0.0229
Tottenham,Southampton,0.7051,0.1804,0.1144
Tottenham,Watford,0.7936,0.142,0.0644
Tottenham,West Ham,0.5226,0.2312,0.2462
Tottenham,Wolves,0.6209,0.244,0.1351
Watford,Arsenal,0.1328,0.1969,0.6703
Watford,Aston Villa,0.1973,0.2177,0.585
Watford,Brentford,0.2516,0.23,0.5184
Watford,Brighton,0.1716,0.2339,0.5945
Watford,Burnley,0.2797,0.2646,0.4557
Watford,Chelsea,0.0811,0.1503,0.7685
Watford,Crystal Palace,0.1679,0.2173,0.6148
Watford,Everton,0.3266,0.237,0.4364
Watford,Leeds,0.363,0.2333,0.4037
Watford,Leicester,0.1992,0.203,0.5978
Watford,Liverpool,0.0349,0.095,0.8698
Watford,Man City,0.0205,0.0767,0.9024
Watford,Man United,0.2038,0.2111,0.5851
Watford,Newcastle,0.2588,0.2409,0.5003
Watford,Norwich,0.4851,0.2398,0.2751
Watford,Southampton,0.3125,0.2328,0.4548
Watford,Tottenham,0.0908,0.1631,0.746
Watford,West Ham,0.1648,0.1983,0.6369
Watford,Wolves,0.1902,0.2529,0.557
West Ham,Arsenal,0.3735,0.2523,0.3742
West Ham,Aston Villa,0.4605,0.2421,0.2974
West Ham,Brentford,0.528,0.2307,0.2413
West Ham,Brighton,0.4499,0.2658,0.2843
West Ham,Burnley,0.59,0.2406,0.1694
West Ham,Chelsea,0.2721,0.2301,0.4978
West Ham,Crystal Palace,0.43,0.2541,0.3158
West Ham,Everton,0.6104,0.2093,0.1803
West Ham,Leeds,0.6429,0.1959,0.1612
West Ham,Leicester,0.4475,0.2293,0.3233
West Ham,Liverpool,0.1645,0.1876,0.6479
West Ham,Man City,0.1295,0.173,0.6975
West Ham,Man United,0.4605,0.2342,0.3053
West Ham,Newcastle,0.5461,0.2351,0.2189
West Ham,Norwich,0.7704,0.1576,0.072
West Ham,Southampton,0.592,0.2117,0.1963
West Ham,Tottenham,0.2956,0.2395,0.4649
West Ham,Watford,0.6899,0.1814,0.1287
West Ham,Wolves,0.4869,0.2711,0.2419
Wolves,Arsenal,0.2538,0.2967,0.4495
Wolves,Aston Villa,0.3503,0.2946,0.3551
Wolves,Brentford,0.4266,0.2878,0.2856
Wolves,Brighton,0.323,0.3375,0.3395
Wolves,Burnley,0.483,0.3258,0.1912
Wolves,Chelsea,0.1629,0.2462,0.5909
Wolves,Crystal Palace,0.3109,0.3105,0.3786
Wolves,Everton,0.5236,0.2672,0.2093
Wolves,Leeds,0.5644,0.2497,0.1858
Wolves,Leicester,0.345,0.2699,0.3851
Wolves,Liverpool,0.0767,0.1745,0.7488
Wolves,Man City,0.0487,0.1511,0.8001
Wolves,Man United,0.3553,0.2806,0.3641
Wolves,Newcastle,0.4422,0.3007,0.2571
Wolves,Norwich,0.7164,0.2134,0.0702
Wolves,Southampton,0.5033,0.267,0.2296
Wolves,Tottenham,0.1814,0.2636,0.555
Wolves,Watford,0.6205,0.2347,0.1447
Wolves,West Ham,0.298,0.2796,0.4224
